chan	130.8677	-12.5547	0.256055 	0.663666
chap	130.6309	-12.389		0.179302 	0.648322
finn	130.5437	-12.8701	-0.0922225 	0.23657
howa	131.0505	-12.4558	0.039798 	0.66068
kool	131.1767	-12.3889	0.1047 		0.688571
leep	130.8833	-12.3333	0.0950018 	0.750808
bund	131.13		-13.23		-0.116937 	0.686961
noon	131.0733	-12.6367	-0.201072 	0.355219
pist	131.8785	-12.2435	0.124283 	0.607636
wool	131.4692	-12.3653	0.385348 	0.79392
ycpd	131.7651	-11.3081	-0.46103 	0.875559
dimi	130.3725	-12.635		-0.0507276 	0.616638
faw	130.03		-11.7628	0.0540836 	0.502132
mdp	131.2986	-12.605		0.121912 	0.53827
ptst	131.7609	-12.5858	0.0923676 	0.333784
ybcr	131.0252	-13.0545	-0.174872 	0.537878
ypdn	130.8925	-12.42394	-0.0915638 	0.565024
ygpt	130.4217	-11.40223	-0.0294616 	0.486922
